19
24
0
0
0
0
0
0
0
0
0
0
1
0
0
0
0
0
0
0
16
24
0
0
17
24
0
0
0
0
24
24
0
0
0
0
0
0
0
0
0
0
1
0
0
0
0
0
19
24
24
24
16
24
24
24
0
0
0
0
0
0
0
0
0
0
0
0
0
0
0
3
5
0
0
0
0
0
24
24
17
24
24
24
17
24
0
0
0
0
0
0
0
0
0
0
0
0
3
2
2
5
0
0
0
0
0
0
0
0
24
17
24
16
24
24
0
0
0
0
0
0
0
0
0
3
2
2
5
0
0
0
0
0
0
0
0
0
0
0
0
24
24
24
24
0
0
0
0
0
0
0
12
2
2
7
0
0
0
0
0
0
0
0
0
0
0
0
0
0
19
24
0
0
0
0
0
0
0
0
0
0
0
0
0
4
2
6
0
0
0
0
0
0
0
0
0
0
0
0
24
24
0
0
0
0
0
0
0
0
0
0
0
0
0
0
0
4
2
6
0
0
0
0
0
0
0
0
0
0
0
0
0
0
0
0
0
0
0
0
0
0
0
0
0
0
0
0
0
4
2
2
2
2
2
2
6
0
0
0
0
0
0
0
0
0
0
0
0
0
0
0
0
0
0
0
0
0
0
0
0
0
0
0
0
0
4
2
2
6
0
0
0
0
0
0
0
0
0
0
0
0
0
0
0
0
0
0
0
0
0
0
0
0
0
0
0
0
0
8
2
14
0
0
0
0
0
0
0
0
0
0
0
0
0
0
0
0
0
0
0
0
0
0
0
0
3
2
2
5
0
0
0
0
0
0
0
0
0
0
0
0
0
0
0
0
0
0
0
0
0
0
0
3
2
2
5
0
0
0
0
0
0
0
0
0
0
0
0
0
18
24
0
0
0
0
0
0
0
3
2
2
2
5
0
0
0
0
0
0
0
0
0
0
0
0
0
0
0
0
24
24
0
0
0
0
0
12
2
7
0
0
0
0
0
0
0
0
0
0
0
0
0
0
0
0
0
0
0
0
0
0
0
0
0
0
0
0
0
4
6
0
0
0
0
0
0
0
0
0
0
0
0
0
0
0
0
0
0
0
0
0
0
0
0
0
0
0
0
0
4
2
2
1
0
0
0
0
0
0
0
0
0
0
0
0
0
0
0
0
0
0
0
0
0
0
0
0
0
0
0
0
0
4
2
2
2
6
0
0
0
0
0
0
0
0
0
0
0
0
0
0
0
0
0
0
0
0
0
0
0
0
0
0
0
0
0
8
2
14
0
0
0
0
0
0
0
0
0
0
0
0
0
0
0
0
0
0
0
0
0
0
0
0
3
2
2
5
0
0
0
0
0
0
0
0
0
0
0
0
0
0
0
0
0
0
0
0
0
0
0
0
3
2
5
0
0
0
0
0
0
0
0
0
0
0
0
0
0
0
0
0
0
0
0
0
0
0
0
0
0
0
1
0
0
0
0
0
0
0
0
0
0
0
0
0
0
0
0
0
0
0
0
0
0
0
0
0
0
0
0
0
1
0
0
0
0
0
0
0
0
0
0
18
24
0
0
0
0
0
17
24
16
24
0
0
0
0
0
0
0
0
1
0
0
0
0
0
0
0
0
0
0
24
24
0
0
0
0
0
24
24
24
16
24
0
0
0
0
0
0
0
1
0
0
0
0
0
0
0
0
0
18
24
19
24
0
0
0
0
19
24
20
24
24
0
0
0
21
24
24
24
24
0
0
0
0
0
0
0
0
0
24
24
24
24
0
0
0
0
24
24
24
24
16
24
0
0
24
24
24
24
24
0
0
0
0
0
0
0
0
0
0
19
24
0
0
0
0
0
0
17
24
19
24
24
16
24
24
24
24
24
24
0
0
0
0
0
0
0
0
18
24
24
24
0
0
0
0
0
0
24
24
24
24
17
24
24
24
24
24
24
24
0
0
0
0
0
0
0
19
24
19
24
18
24
0
0
0
0
0
0
0
0
0
24
24
0
24
24
24
24
24
0
0
0
0
0
0
0
24
24
24
24
24
24
0
0
0
0
