0
12
2
9
2
14
0
0
0
21
24
24
24
24
19
24
0
0
0
0
0
0
0
20
24
0
24
0
0
0
0
0
0
1
0
0
0
0
0
24
24
24
24
24
24
24
0
0
0
0
0
0
0
24
24
24
24
0
0
0
0
0
0
1
0
0
0
0
0
24
24
24
24
24
2
2
2
2
2
2
2
6
0
24
0
24
0
0
0
0
0
12
2
10
2
6
0
0
0
24
24
24
24
24
0
0
0
0
0
0
0
1
24
24
18
24
0
0
0
0
0
0
0
0
0
1
0
0
0
24
24
24
24
24
0
0
0
0
0
2
2
7
0
0
24
24
0
0
0
0
0
3
2
9
2
7
0
16
24
24
0
0
0
0
0
0
0
0
0
0
0
1
0
0
0
0
0
0
0
0
0
1
0
1
0
1
0
24
24
24
0
0
0
0
0
0
0
3
2
2
2
5
0
0
0
0
0
0
0
0
0
1
0
13
0
1
0
0
0
0
0
0
0
0
0
0
0
1
0
0
0
0
0
0
0
0
0
0
0
0
0
1
0
0
0
0
0
0
0
0
0
0
0
0
0
0
0
1
0
0
0
0
0
0
0
0
0
0
0
0
0
4
2
2
2
6
0
0
0
0
0
0
0
0
0
0
0
8
2
2
2
6
0
0
0
0
0
0
0
0
0
0
0
0
0
1
0
0
0
0
16
24
0
0
0
0
0
1
0
0
0
1
0
0
0
0
0
0
0
0
0
0
0
0
0
1
0
0
0
20
24
24
17
24
0
0
0
1
0
0
0
1
0
0
0
0
0
0
0
0
0
0
0
0
0
1
0
0
0
24
24
0
24
24
0
0
0
4
2
2
2
7
0
0
0
0
0
0
0
0
0
2
2
2
2
7
0
0
24
24
24
20
24
0
24
0
0
0
0
0
0
1
0
0
0
0
0
0
0
0
0
0
0
0
0
1
0
0
0
0
0
24
24
24
24
0
0
3
2
9
2
5
0
0
0
0
0
0
0
0
0
0
0
0
0
4
2
6
0
0
0
0
0
0
0
0
0
1
0
1
0
18
24
0
0
0
0
0
0
0
0
0
0
0
0
0
0
1
0
0
0
0
0
0
0
0
0
1
0
4
6
24
24
0
0
0
0
0
0
0
0
3
2
2
2
6
0
4
2
6
0
0
0
0
0
0
0
8
14
0
4
6
0
0
0
0
0
0
0
0
0
1
0
0
0
1
0
0
0
1
0
0
0
0
0
0
0
1
0
0
0
13
0
0
0
0
0
0
0
0
0
1
0
0
0
1
0
0
0
4
6
0
0
0
0
0
0
1
0
0
0
0
0
0
0
0
0
0
0
0
0
4
2
2
2
5
0
0
0
0
1
0
0
0
0
0
0
4
2
2
2
6
0
0
0
0
0
0
0
0
0
0
0
0
0
0
0
0
0
0
4
6
0
0
0
0
0
0
0
0
0
1
0
16
24
0
0
0
0
0
0
0
0
0
0
0
0
0
0
0
0
4
6
0
0
0
0
0
0
0
0
1
0
24
24
0
0
0
0
0
20
24
0
0
0
0
0
0
0
0
0
0
4
6
0
0
18
24
0
0
0
1
0
0
0
0
0
0
0
0
24
24
19
24
0
0
0
0
0
0
0
0
0
4
6
0
24
24
0
0
0
1
0
0
0
0
0
0
0
0
18
24
24
24
0
16
24
0
0
0
0
0
0
0
4
6
3
2
2
2
2
7
0
0
0
0
0
0
0
0
24
24
16
24
0
24
24
18
24
0
0
0
0
0
0
4
7
0
0
0
0
1
0
0
0
0
0
0
0
0
0
0
24
24
0
20
24
24
24
0
0
0
0
0
0
0
1
0
0
0
0
1
0
0
0
0
0
0
0
0
0
16
24
17
24
24
24
19
24
0
0
0
0
0
0
0
4
6
0
0
3
5
18
24
0
0
0
0
0
0
0
24
24
24
24
0
0
24
24
0
0
0
0
0
0
0
0
4
2
2
5
0
24
24
0
0
0
0
0
0
